243192
243194
243195
243196
243200
243201
243193
243198
243197
243284
243283
243285
243288
243289
243291
243292
243287
243064
243334
243335
243336
243339
243340
243342
243337
243343
243341
243338
243447
243449
243446
243448
243488
243490
243451
243487
243489
243450
243495
243501
243492
243493
243494
243496
243499
243498
243500
243497
243598
243595
243596
243597
243600
243602
243604
243599
243601
243603
243290
246947
243709
243708
243710
243715
243717
243714
243711
243713
243716
243712
243779
243775
243778
243782
243780
243784
243777
243776
243842
243845
243885
243886
243887
243843
243846
243883
243884
243844
243783
243286
243992
243986
243988
243990
243991
243993
243994
243989
243987
243995
244058
244053
244054
244059
244060
244061
244057
244062
244056
244055
244145
244144
244146
244149
244151
244152
244153
244148
246343
244150
244213
244212
244215
244216
244218
244219
244220
244217
244211
244214
244314
244318
244319
244320
244321
244322
244317
244316
244315
243781
244383
244384
244385
244386
244389
244390
244387
244381
244382
244388
244446
244443
244445
244447
244448
244450
244451
244444
244449
244442
244504
244505
244506
244507
244508
244511
244512
244509
244503
244510
244323
244531
244528
244530
244532
244533
244535
244536
244537
244529
244534
244538
244539
244540
244541
244542
244543
244544
244545
244546
244547
