# 2008-2009 season
241846
241848
241850
241851
241853
241855
241854
246346
251659
246347
241913
241915
241917
241919
241920
241921
241914
246348
246349
246350
241982
241984
241985
241987
241989
241980
246352
251979
246353
242073
242071
242072
242075
242076
242079
242080
242074
246356
246357
242156
242150
242154
242159
242151
246358
246359
246360
246363
246364
242219
242218
242220
242221
242222
242223
242225
242217
246366
246368
242301
242303
242305
242296
246371
242297
242299
246372
246373
246374
242394
242387
242388
242389
242390
242392
242393
246340
246341
246342
242492
242495
242497
242490
246344
242493
242496
242499
246345
242494
242597
242594
242595
246354
242557
246351
242553
242596
246355
242556
242600
242599
242601
242602
242604
242605
242607
242606
246361
246362
242665
242674
242669
242672
242673
242670
246365
242666
242671
246367
242716
242714
242715
242718
242720
242721
242723
242722
246369
246370
242782
242783
242784
242785
242786
242787
242781
246334
246335
246336
242883
242887
242889
242890
242892
246337
242888
242891
246338
246339
242916
242912
242913
242914
242917
242919
242918
242920
242915
242921
242995
242991
242993
242994
242997
242998
243000
242999
242996
242992
243059
243060
243062
243063
243067
243066
243065
243058
243061
243131
243126
243130
243133
243127
243128
243129
243132
243134
243125
243199
243192
243194
243195
243196
243200
243201
243193
243198
243197
243284
243283
243285
243288
243289
243291
243292
243287
243064
243334
243335
243336
243339
243340
243342
243337
243343
243341
243338
243447
243449
243446
243448
243488
243490
243451
243487
243489
243450
243495
243501
243492
243493
243494
243496
243499
243498
243500
243497
243598
243595
243596
243597
243600
243602
243604
243599
243601
243603
243290
246947
243709
243708
243710
243715
243717
243714
243711
243713
243716
243712
243779
243775
243778
243782
243780
243784
243777
243776
243842
243845
243885
243886
243887
243843
243846
243883
243884
243844
243783
243286
243992
243986
243988
243990
243991
243993
243994
243989
243987
243995
244058
244053
244054
244059
244060
244061
244057
244062
244056
244055
244145
244144
244146
244149
244151
244152
244153
244148
246343
244150
244213
244212
244215
244216
244218
244219
244220
244217
244211
244214
244314
244318
244319
244320
244321
244322
244317
244316
244315
243781
244383
244384
244385
244386
244389
244390
244387
244381
244382
244388
244446
244443
244445
244447
244448
244450
244451
244444
244449
244442
244504
244505
244506
244507
244508
244511
244512
244509
244503
244510
244323
244531
244528
244530
244532
244533
244535
244536
244537
244529
244534
244538
244539
244540
244541
244542
244543
244544
244545
244546
244547
------


# 2009-2010 season
270001
269900
269768
269792
270041
269969
270132
269878
269789
269810
269904
270058
269917
270083
269928
269938
269774
269863
269888
270065
269913
270129
270008
270006
269929
270101
269941
269820
269869
269934
269994
270124
270105
269892
269959
269914
269864
269984
269759
269849
270015
270095
269939
269833
269771
270073
270136
270023
269907
269757
269762
269960
269872
270090
270094
270033
270120
269870
269770
270005
269991
269779
269877
270093
269796
269808
269974
269845
269862
269842
269981
269990
270079
270107
270111
269858
269970
269881
269910
269797
270064
269978
269901
270009
270085
269902
270016
269931
269806
269999
269856
269946
269982
270061
270126
269897
269995
269775
269823
269908
270077
269957
269829
270110
270013
270046
269773
270072
269942
269825
269979
269916
269954
270060
269787
269794
270048
269889
270078
269911
270002
270092
269983
269781
269793
269830
270054
269799
269943
269926
269987
270034
269947
270128
270020
269836
269980
269800
270084
269785
270014
270121
270096
269924
269988
269834
270066
269919
269828
269918
270080
269853
269778
269893
270007
269813
270049
269769
270074
269945
269967
269971
269866
269801
269985
270116
269827
270067
269884
269812
269886
269964
270018
269848
270122
270024
269814
270068
270086
269912
269915
270037
269956
269854
270113
269837
270088
270135
269936
270091
270108
269989
269861
270059
269876
269809
269996
270056
270133
269803
--------------------
270097
269930
269802
270025
269874
269844
269909
270057
270022
269949
270017
269847
269777
269832
270003
270010
269948
269805
270004
270071
269937
270118
269860
269898
269875
270098
269843
269831
270106
269951
269761
269933
270036
270011
269976
269894
270125
269798
269922
269977
269791
270081
270099
269891
269783
269818
270112
270029
270031
270087
269873
269795
270134
269935
270070
270050
269822
269963
270102
269804
269993
270044
269953
270038
270052
270045
269997
269855
269765
269807
270027
270032
269992
270069
270131
269923
269921
270026
270117
270100
269973
270082
269961
269867
269780
270123
269821
269975
269871
269899
269880
270019
269772
269879
269944
269852
269950
270055
270063
270051
269962
269887
270021
270043
269784
269840
269824
269986
269958
269851
270115
269966
270076
269760
270042
269927
269838
269903
270062
269841
270130
269819
269859
269826
269925
269883
269767
269776
269786
269955
269920
269857
270109
269815
269839
270119
269896
269865
269940
269952
270030
270040
269882
269763
270053
269764
270035
270075
269998
269850
270104
269932
270047
269817
269782
269965
269790
269846
269895
269835
270127
270028
269811
269972
270114
270103
269766
269816
270089
269788
269868
270012
269905
269885
269758
269968
269890
269906
270000
270039
